1127952000	0.47097870322810065	0.841986296531751
1128556800	0.3152928978745464	0.7987916995009193
1129161600	0.5427879809482742	0.8919254058232414
1129766400	0.6078513849909323	0.9153401243990322
1130371200	0.6240562153713034	0.9335469795505078
1130976000	0.5828160959620615	0.8878012505311722
1131580800	0.49908866793630025	0.8995219845013477
1132185600	0.5062332333911945	0.911406790094228
1132790400	0.5750732020675849	0.9258989777510523
1133395200	0.5302281193947478	0.918909224959898
1134000000	0.3515149946955779	0.5151492169428539
1134604800	0.5090754721310723	0.8688415446071904
1135209600	0.5764466893598331	0.9774248503523585
1135814400	0.4142507990223726	0.9148052810761438
