1	40
2	1664
3	1310
4	13
5	1733
6	215
7	84
8	10
9	78
10	3361
11	2071
12	354
13	1042
14	45
15	11
16	10
17	1182
18	120
19	193
20	290
21	512
22	3250
23	119
24	1408
25	42
26	1251
27	2104
28	292
29	29
30	12
31	1095
32	170
33	296
34	856
35	1629
36	10
37	1425
38	65
39	579
40	968
41	1856
42	10
43	1461
44	1637
45	185
46	104
47	10
48	382
49	101
50	277
51	21
52	258
53	9
54	1542
55	188
56	5804
57	786
58	424
59	808
60	416
61	4834
62	220
63	103
64	10104
65	4038
66	575
67	3617
68	780
69	5119
70	950
71	2087
72	359
73	17
74	3774
75	4845
76	135
77	984
78	10
79	83
80	553
81	2106
82	1256
83	4224
84	1217
85	5455
86	4518
87	3746
88	1873
89	3691
90	886
91	4071
92	3131
93	1560
94	1012
95	1338
96	3461
97	41
98	804
99	859
100	1202
101	768
102	1651
103	7011
104	10
105	8
106	118
107	44
108	62
109	442
110	1085
111	11
112	3642
113	1577
114	1042
115	1241
116	602
117	128
118	4143
119	1463
120	110
121	21
122	63
123	1583
124	6
125	2088
126	2073
127	1444
128	1792
129	879
130	1108
131	121
132	543
133	1024
134	3448
135	46
136	1116
137	1604
138	1064
139	12
140	818
141	2071
142	542
143	2061
144	30
145	21
146	4081
147	60
148	10
149	7
150	1182
151	3138
152	12
153	1052
154	533
155	10
156	27
157	1173
158	6349
159	1116
160	1566
161	2873
162	18
163	44
164	5064
165	151
166	46
167	2078
168	2053
169	3521
170	1044
171	712
172	1453
173	1787
174	751
175	1856
176	1590
177	1280
178	340
179	2009
180	1088
181	1192
182	4585
183	1024
184	1978
185	1024
186	3056
187	1672
188	17
189	1147
190	269
191	56
192	64
193	195
194	1
195	134
196	692
197	1509
199	216
202	48
198	511
200	32
201	478
203	8
