1	40
2	2176
3	3590
4	13
5	2068
6	302
7	144
8	40
9	15218
10	33956
11	29909
12	354
13	2147
14	96
15	41
16	40
17	2746
18	445
19	276
20	416
21	512
22	52976
23	363
24	4132
25	74
26	2817
27	2716
28	292
29	119
30	49
31	1213
32	296
33	528
34	1163
35	1643
36	40
37	2220
38	95
39	651
40	2922
41	1856
42	41
43	2317
44	3078
45	195
46	206
47	40
48	412
49	101
50	337
51	81
52	514
53	22
54	17000
55	3818
56	10783
57	980
58	497
59	1387
60	916
61	6474
62	359
63	294
64	25638
65	4063
66	601
67	3703
68	1134
69	6441
70	1153
71	2096
72	374
73	48
74	7036
75	6234
76	232
77	990
78	41
79	149
80	603
81	2663
82	1410
83	4355
84	1344
85	9788
86	5127
87	3887
88	1876
89	3731
90	1320
91	4646
92	4228
93	3645
94	1162
95	1373
96	3546
97	104
98	810
99	859
100	2067
101	1024
102	2977
103	27753
104	40
105	20
106	381
107	150
108	166
109	544
110	1232
111	42
112	5382
113	1613
114	1123
115	1415
116	670
117	311
118	6219
119	1473
120	158
121	46
122	113
123	3040
124	11
125	2130
126	3141
127	1456
128	2816
129	924
130	1119
131	258
132	613
133	1024
134	3448
135	155
136	2251
137	1634
138	2109
139	48
140	1005
141	2133
142	2040
143	2074
144	121
145	81
146	5641
147	134
148	21
149	17
150	2631
151	3168
152	48
153	1112
154	1014
155	40
156	98
157	1305
158	6830
159	1184
160	2193
161	2927
162	55
163	176
164	5301
165	277
166	46
167	2363
168	2053
169	4006
170	1238
171	1669
172	1791
173	3228
174	753
175	2088
176	2350
177	2524
178	1196
179	2804
180	1092
181	1249
182	14656
183	1024
184	1978
185	1024
186	4177
187	1676
188	17
189	1243
190	269
191	152
192	80
193	303
194	2
195	435
196	1296
197	2007
198	410
199	56
200	511
201	32
202	586
203	8
